
1549 2244
1543 2004
1861 2004
1858 2252
1598 2253
END

1940 2245
1935 2213
1991 2211
1991 2041
2448 2046
2450 2245
1980 2253
END

2363 2832
1552 2829
1547 2800
1616 2747
1672 2615
2109 2615
2298 2727
2355 2796
END

	1110 1036
	1472 1037
	1477 901
	1100 902
	1098 956

END

	1488 1730
	1488 1513
	1620 1376
	1795 1376
	1921 1505
	1923 1735
END

	3327 2290
	3043 2287
	3041 2120
	3327 2120
END

	2255 1360
	2253 1486
	2315 1493
	2320 1552
	2493 1549
	2493 1492
	2553 1480
	2553 1335
END

	1151 1051
	1166 2875
	1008 3017
	795 2846
	946 1062
END

	1490 1050
	2026 1056
	2018 842
	1470 836
END

	2036 1056
	2246 1309
	2515 1153
	2252 913
END

	3644 2281
	4092 2278
	4093 2075
	3536 2078
	3532 2281
END

	4181 2254
	4178 2105
	4417 2108
	4420 2250
	4298 2255
END

	4567 2316
	4567 2166
	4863 2163
	4867 2309
	4675 2316
END

	3725 3535
	3728 3188
	4161 3186
	4163 3540
END

	2569 1365
	2592 1365
	2594 1134
	2565 1136
END

	2578 1157
	2661 1157
	2681 1085
	2678 1014
	2568 1018
END

	2705 1033
	2796 1031
	2821 975
	2740 936
END

	2724 964
	5837 977
	5824 617
	2893 595
	2708 777
END

#valla1
	2550 1353
	2597 1347
	2597 1157
	2657 1154
	2661 1091
	2688 1092
	2711 652
	2557 1332
END

#pilar1
	2808 1022
	2766 1035
	2733 1034
	2700 1018
	2759 966
	2822 975
	2822 1004
	2809 1022
END

#pilar2
	3020 1101
	3024 1143
	3051 1163
	3109 1163
	3141 1137
	3142 1099
	3082 1083
	3019 1097
END

#pilar3
	3335 1244
	3355 1217
	3384 1206
	3426 1203
	3455 1221
	3466 1240
	3404 1260
	3338 1249
END

#pilar4
	3661 1134
	3682 1085
	3763 1084
	3786 1120
	3770 1147
	3746 1158
	3685 1158
	3660 1135
END

#pilar5
	4098 973
	4113 1025
	4138 1035
	4197 1033
	4226 1017
	4234 990
	4227 971
	4107 971
END

#pilar6
	4133 1233
	4110 1258
	4125 1281
	4226 1286
	4239 1254
	4212 1234
	4180 1227
	4131 1236
END

#pilar7
	4586 1163
	4656 1162
	4681 1130
	4674 1092
	4625 1087
	4562 1095
	4555 1129
	4585 1163
END

#toprightrock1
	4872 977
	4874 1028
	4911 1036
	4931 1021
	4934 977
	4872 980
END

#toprightrock2
	5582 977
	5578 1029
	5614 1042
	5645 1071
	5679 1096
	5744 1099
	5774 1061
	5589 973
END

#mostright Wall
	5779 979
	5753 1537
	5726 1614
	5710 3986
	5820 3985
	5845 971
	5780 978
END



	5437 1348
	5446 2114
	5395 2113
	5387 1632
	5217 1619
	5202 1551
	5437 1346
END
#tocon
	1876 4039
	1914 4007
	2010 4006
	2035 4043
	1999 4092
	1923 4095
	1878 4045
END
	1703 4024
	1646 3999
	1669 3967
	1729 3965
	1757 3992
	1704 4024
END
	971 2508
	902 2517
	898 3020
	964 3032
	966 3151
	718 3158
	719 2417
	972 2509
END
	898 3026
	966 3026
	967 3156
	1027 3156
	1032 3475
	967 3474
	876 3362
	900 3026
END
	966 3477
	965 3537
	904 3538
	900 3663
	836 3666
	840 3477
	966 3475
END
	839 3670
	840 4501
	901 4501
	905 4625
	754 4625
	754 3670
	838 3669
END
	836 4503
	902 4501
	901 4629
	1031 4628
	1030 4762
	842 4760
	835 4501
END
	902 4629
	1026 4628
	1027 4692
	2246 4693
	2244 4766
	898 4765
	900 4627
END
	2245 4692
	2249 4628
	2630 4625
	2632 4563
	3526 4565
	3528 4666
	2244 4696
END
	3534 4611
	3534 4521
	3552 4522
	3552 4588
	5826 4577
	5825 4614
	3534 4612
END
	5828 3869
	5829 4612
	5777 4611
	5778 4578
	5811 4578
	5808 3912
	5769 3914
	5771 3871
END
	4817 4549
	4821 4456
	4987 4443
	4997 4562
	4818 4561
END
	5451 3985
	5386 3986
	5387 2550
	5448 2547
	5449 3985
END
	2445 2819
	2468 2831
	2494 2818
	2487 2784
	2448 2787
	2447 2817
END
	2573 3497
	2575 3527
	2601 3536
	2624 3527
	2625 3499
	2600 3485
	2574 3494
END
	3480 4418
	3480 4389
	3489 4370
	3507 4370
	3513 4388
	3512 4421
	3498 4426
	3480 4421
END
	1991 3411
	1930 3402
	1913 3368
	1942 3325
	2025 3324
	2067 3370
	2055 3403
	1999 3410
END
	2937 2956
	2971 2958
	2962 2911
	2943 2910
	2934 2960
END
	2589 3272
	2600 3279
	2613 3275
	2607 3225
	2593 3223
	2588 3273
END
	1321 3099
	1294 3112
	1291 3138
	1315 3153
	1340 3144
	1346 3115
	1322 3098
END
	1256 3167
	1234 3190
	1245 3207
	1275 3206
	1276 3180
	1257 3167
END
	1218 3240
	1196 3209
	1123 3207
	1097 3239
	1106 3271
	1133 3282
	1193 3283
	1221 3250
END
	1431 3341
	1419 3305
	1433 3290
	1522 3287
	1538 3299
	1531 3335
	1474 3348
	1433 3343
END
	1278 3446
	1252 3472
	1195 3476
	1171 3453
	1170 3430
	1203 3414
	1253 3414
	1277 3443
END
1062 3870
	1013 3898
	976 3899
	934 3869
	955 3845
	1014 3839
	1062 3862

END
1223 4227
	1240 4211
	1293 4210
	1306 4225
	1298 4241
	1222 4244
	1224 4228
END
	1188 4577
	1143 4605
	1107 4603
	1062 4570
	1076 4547
	1126 4540
	1160 4544
	1190 4570
END
	1768 4001
	1722 4026
	1683 4028
	1639 3997
	1651 3972
	1703 3966
	1753 3981
	1768 4000
END
2345 4123
	2384 4157
	2427 4153
	2469 4121
	2443 4099
	2372 4094
	2344 4119
END
	3853 3925
	3855 3873
	4032 3869
	4040 3928
	3855 3927
END
	3659 4362
	3658 4316
	3848 4315
	3849 4365
	3661 4367
END
	3923 4371
	3925 4322
	3932 4303
	3953 4303
	3965 4324
	3966 4372
	3924 4372
END
4042 4360
	4044 4316
	4232 4317
	4232 4364
	4042 4361
END
	5454 1279
	5463 1256
	5501 1252
	5515 1269
	5514 1296
	5467 1297
	5452 1281
END
3099 1830
	3098 1788
	3322 1790
	3324 1837
	3101 1837
END
3547 1837
	3548 1791
	3770 1790
	3772 1835
	3548 1837
END
3995 1839
	3993 1789
	4286 1787
	4285 1839
	3999 1840
END
4509 1836
	4506 1784
	4794 1784
	4797 1837
	4507 1838
END
	2827 1421
	2827 1616
	4841 1616
	4865 1595
	4863 1554
	4172 1496
	2830 1420
END
	2826 1424
	3008 1278
	5358 1272
	5451 1358
	5450 1491
	5139 1491
	4926 1490
	2829 1428
END
	3077 4024
	3119 4050
	3259 4038
	3265 2838
	3224 2838
	3078 3048
	3076 4029
END
	3262 2776
	3209 2744
	3224 2692
	3604 2513
	3716 2509
	3722 2554
	3681 2577
	3265 2777
END
	3725 2634
	4480 2635
	4469 2577
	4271 2499
	3934 2516
	3839 2568
	3727 2577
	3726 2636
END
4434 2626
	4442 2574
	4654 2688
	4685 2741
	4679 2891
	4629 2885
	4436 2628
END
	4630 3168
	4632 3843
	4677 4044
	4758 4069
	4840 4025
	4817 3354
	4661 3151
	4631 3166
END
4817 4166
	4816 4111
	4927 4111
	4938 4179
	4825 4178
	4816 4168
END
	3531 3978
	3531 3177
	3618 3176
	3621 3221
	3564 3221
	3559 3990
	3531 3981
END
	3597 3221
	3597 3108
	3726 2976
	4158 2975
	4289 3103
	4294 3218
	3598 3221
END

	4331 3175
	4356 3174
	4361 3984
	4329 3984
	4332 3176
END
4377 4372
	4363 4440
	4425 4441
	4407 4371
	4381 4372
END
	5136 1879
	5127 1916
	5136 1939
	5254 1938
	5254 1816
	5202 1817
	5192 1874
	5138 1881
END
4810 1824
	4810 1938
	4937 1938
	4937 1879
	4875 1875
	4873 1824
	4810 1825
END
4970 3948
	4971 3130
	4998 3131
	4999 3964
	4972 3949
END
5133 3953
	5134 3132
	5163 3132
	5164 3964
	5136 3954
END
	4952 1705
	4977 1759
	5040 1780
	5105 1747
	5115 1685
	5081 1620
	4987 1623
	4952 1705
END
4862 1552
	4925 1549
	4928 1490
	4851 1487
	4860 1550
END
5136 1490
	5145 1547
	5203 1552
	5244 1496
	5137 1489
END
	1160 3068
	1158 3040
	1203 3017
	1259 3021
	1290 3055
	1274 3081
	1211 3088
	1161 3069
END
	1359 3051
	2049 3048
	2054 3088
	1368 3091
	1361 3052
END