#MIDDLE PART
#building zone
	1504 1840
	1528 2688
	3112 2700
	3588 2368
	4408 2356
	4744 2736
	4764 1908
	1844 1880
END
#atajo zone
	4944 2164
	4884 4052
	5248 4072
	5344 3968
	5356 2008
END
#curvy zone mos lower part
	2400 3864
	1660 3860
	1560 3968
	1644 4120
	3020 4124
	3012 3892
END
#curvy zone higher part
	2536 2826
	2546 3756
	3020 3760
	3053 2720
	2523 2696
END
#bottomPart
#great building flowers
	3606 3253
	3586 4263
	4310 4266
	4286 3283
	4070 3043
	3860 3040
	3703 3176
END
#end bridge
	5725 4011
	5708 4602
	5837 4582
	5840 4017
END
#river zone lower part
	832 4480
	5856 4476
	5848 4744
	828 4816
END
#river zone upper part 1
	1412 4480
	1132 4232
	860 4468
	1076 4712
	1300 4552
END
#river zone upper part 2
	1132 4232
	1164 3648
	616 3624
	632 4252
	944 4244
END
#river zone upper part 3
	1123 3736
	1336 3520
	1076 3363
	870 3626
END
#river zone curve
	1368 3508
	1340 3124
	2072 3144
	2204 3256
	2204 3352
	2084 3496
	1612 3480
END