#Sector1
#ch 0
	1025 2191
	1582 2191
	1594 1982
	1020 2005
END
#ch 1
	1531 1482
	1135 1122
	1413 1011
	1662 1366
END
#ch 2
	2344 1513
	2466 1513
	2486 1828
	2348 1826
	2335 1622
END
#Sector2
#ch3
	3607 1290
	3850 1287
	3840 880
	3595 895
	3595 1137
END
#ch 4
	4768 1820
	4891 1948
	5908 1174
	5865 911
	4891 1674
END
#Sector3
#ch 5
	4980 3992
	5864 3992
	5856 3732
	4784 3716
	4768 3996
END
#ch 6
	3854 4337
	3865 2577
	4017 2574
	4017 4342
	3945 4348
END
#Sector 4
#ch 7
	3084 4096
	3296 4464
	3488 4380
	3240 3996
END
#ch 8
	1116 3920
	1624 3924
	1628 4112
	1084 4092
END
#ch 9
	1912 3504
	2260 3880
	2564 3720
	2056 3412
END
#ch 10
	2024 3092
	2396 2808
	2728 2844
	2080 3184
END
